0 0.439788 0.144247 0.062725 0.155271
0 0.304278 0.590382 0.113006 0.255803
0 0.504222 0.560963 0.138369 0.321174
0 0.811169 0.450631 0.127762 0.290122
0 0.754672 0.250819 0.101469 0.201041
0 0.858678 0.207099 0.089944 0.216567
0 0.663347 0.218128 0.089481 0.199402
0 0.494997 0.203826 0.086706 0.164264
0 0.320431 0.168688 0.081613 0.190421
0 0.057519 0.145803 0.073337 0.146290
0 0.937787 0.511750 0.124425 0.316766
0 0.972634 0.176633 0.054731 0.160753
0 0.379366 0.124230 0.048894 0.129945
0 0.578156 0.205543 0.065500 0.161805
0 0.101994 0.056512 0.054612 0.113023
