0 0.122055 0.247453 0.024315 0.051750
0 0.722768 0.264734 0.089245 0.158250
0 0.640806 0.216547 0.059245 0.133781
0 0.590624 0.239562 0.044623 0.093500
0 0.524981 0.202875 0.059208 0.117969
0 0.446473 0.248195 0.060065 0.136672
0 0.391128 0.230930 0.050624 0.116516
0 0.341361 0.243758 0.052339 0.113422
0 0.273998 0.242438 0.068649 0.151063
0 0.186911 0.258953 0.062637 0.123656
0 0.226799 0.258211 0.027316 0.067297
0 0.148271 0.238781 0.022246 0.054656
0 0.078938 0.249188 0.020522 0.046562
0 0.015466 0.261625 0.020867 0.048875
