0 0.655650 0.448642 0.040833 0.077383
0 0.460789 0.428758 0.036533 0.052650
0 0.573622 0.673233 0.093133 0.277233
0 0.600483 0.470133 0.089544 0.133267
0 0.499833 0.478192 0.065911 0.110683
0 0.357267 0.485708 0.042978 0.074150
0 0.402756 0.520642 0.063756 0.118217
0 0.338639 0.600158 0.080233 0.178383
0 0.222222 0.510967 0.065200 0.094567
0 0.050644 0.582950 0.098867 0.161233
0 0.235833 0.641533 0.072356 0.145067
0 0.760244 0.437892 0.072356 0.113917
0 0.877378 0.451325 0.068778 0.095650
0 0.897072 0.543742 0.055167 0.151517
0 0.704006 0.659800 0.199167 0.377200
