0 0.459681 0.511761 0.108212 0.210904
0 0.829338 0.551412 0.114225 0.223653
0 0.649450 0.357721 0.074425 0.125235
0 0.569450 0.368230 0.083175 0.111525
0 0.493431 0.304962 0.048162 0.101337
0 0.331256 0.285480 0.057312 0.104331
0 0.272750 0.429388 0.087550 0.122316
0 0.083500 0.133173 0.053725 0.083936
0 0.032363 0.122081 0.043775 0.064162
0 0.085888 0.053738 0.048950 0.070151
0 0.370056 0.074426 0.021887 0.044369
0 0.448062 0.204237 0.038600 0.079736
0 0.355531 0.208126 0.037413 0.071959
0 0.564475 0.239614 0.045375 0.085744
1 0.218500 0.514105 0.083225 0.169040
