0 0.968880 0.470522 0.060755 0.120522
0 0.211644 0.504769 0.063716 0.125321
0 0.313615 0.464147 0.043221 0.102470
0 0.373041 0.534508 0.052410 0.113635
0 0.425591 0.520181 0.044966 0.099799
0 0.457753 0.471315 0.038998 0.082831
0 0.477106 0.541677 0.052703 0.116285
0 0.554527 0.479036 0.036036 0.091807
0 0.594133 0.466014 0.041982 0.105120
0 0.577584 0.547751 0.050664 0.108353
0 0.675867 0.488313 0.056577 0.107269
0 0.762973 0.503444 0.043176 0.082309
0 0.810614 0.492821 0.055687 0.120542
0 0.898908 0.500251 0.056577 0.114157
0 0.075214 0.507219 0.032680 0.090984
0 0.013908 0.521998 0.027815 0.113153
0 0.158941 0.522520 0.041689 0.112108
0 0.043407 0.503173 0.044065 0.098755
0 0.114870 0.522028 0.054786 0.109920
