1 0.418340 0.534290 0.032363 0.062899
1 0.718530 0.527540 0.038838 0.075608
1 0.560493 0.501508 0.044854 0.074934
1 0.243833 0.492804 0.035029 0.060893
1 0.293374 0.490798 0.033701 0.074275
1 0.138057 0.518397 0.035039 0.057877
0 0.037969 0.516559 0.039727 0.068258
0 0.077026 0.504356 0.040166 0.071933
0 0.183691 0.499026 0.040605 0.083353
0 0.352173 0.508536 0.037939 0.071596
0 0.492876 0.505520 0.035928 0.072269
0 0.625649 0.490637 0.041729 0.072606
0 0.767778 0.481384 0.040439 0.082152
0 0.850918 0.441025 0.051855 0.101083
0 0.324854 0.503045 0.026523 0.057687
