0 0.418314 0.300815 0.042886 0.076867
0 0.456086 0.317285 0.045314 0.073197
0 0.411007 0.404024 0.038014 0.065129
0 0.453164 0.406953 0.048243 0.090043
0 0.516257 0.311438 0.046800 0.080515
0 0.550614 0.376212 0.044343 0.068090
0 0.614936 0.380966 0.055071 0.062961
0 0.665129 0.453433 0.054086 0.093691
0 0.735564 0.531384 0.059414 0.110536
0 0.799621 0.550783 0.065786 0.122983
0 0.970586 0.501019 0.058829 0.099549
0 0.898786 0.475751 0.063343 0.106137
0 0.843964 0.436223 0.057014 0.092961
0 0.807907 0.389753 0.049214 0.083455
0 0.739436 0.362307 0.049700 0.075386
0 0.695829 0.327532 0.043371 0.080515
0 0.621757 0.298981 0.045314 0.076116
0 0.566450 0.276663 0.041900 0.073927
0 0.764536 0.290204 0.042386 0.064399
0 0.826907 0.301180 0.050186 0.080515
0 0.940207 0.358273 0.049700 0.086373
0 0.368614 0.386824 0.052629 0.089313
