0 0.715062 0.278865 0.042939 0.090663
0 0.816126 0.349337 0.049887 0.104618
0 0.934414 0.325000 0.049257 0.119719
0 0.858170 0.323032 0.039854 0.081124
0 0.674634 0.356576 0.034178 0.067651
0 0.599944 0.358002 0.037973 0.076084
0 0.507382 0.349890 0.032309 0.075522
0 0.556802 0.344307 0.028874 0.068815
0 0.439454 0.354649 0.035146 0.067129
0 0.395056 0.344548 0.032320 0.060382
0 0.343440 0.343153 0.025732 0.066506
0 0.304223 0.357450 0.027613 0.058193
0 0.250411 0.342902 0.027309 0.062671
0 0.204133 0.347661 0.026982 0.059859
0 0.157224 0.328635 0.027917 0.059880
1 0.097140 0.377841 0.054595 0.084438
0 0.366334 0.318474 0.025101 0.059598
0 0.459217 0.326245 0.021273 0.067189
