1 0.845922 0.626165 0.044109 0.067694
1 0.922254 0.632829 0.044773 0.073424
1 0.954719 0.575288 0.025781 0.045894
1 0.872090 0.576347 0.023680 0.037424
1 0.814539 0.573876 0.035625 0.046600
1 0.774340 0.570171 0.028367 0.046247
1 0.695691 0.617641 0.038914 0.064953
1 0.746559 0.599471 0.037977 0.067412
1 0.649160 0.551635 0.025555 0.041647
1 0.518945 0.525512 0.023906 0.042365
1 0.430105 0.509982 0.021570 0.034600
1 0.290980 0.557282 0.032117 0.052235
1 0.336539 0.606835 0.036719 0.060965
1 0.419543 0.597147 0.035148 0.064271
1 0.527652 0.628335 0.044242 0.080341
1 0.432254 0.746253 0.073117 0.127094
1 0.319125 0.694729 0.060875 0.104447
1 0.227340 0.586300 0.038586 0.069047
1 0.191090 0.572571 0.034523 0.061424
1 0.056148 0.549653 0.040797 0.064741
1 0.153273 0.666376 0.056172 0.096871
1 0.057563 0.682441 0.074375 0.111047
1 0.011129 0.520118 0.022258 0.054824
1 0.538770 0.903912 0.123461 0.191776
1 0.667824 0.862924 0.100617 0.146388
