1 0.955712 0.386733 0.088575 0.131367
1 0.798363 0.358367 0.065925 0.103067
1 0.701788 0.370908 0.062025 0.083650
1 0.740600 0.319392 0.048200 0.073250
1 0.664750 0.280150 0.047500 0.067633
1 0.605737 0.361925 0.051400 0.072317
1 0.616531 0.288908 0.038313 0.057650
1 0.541762 0.334283 0.041825 0.059533
1 0.497281 0.298842 0.036512 0.057650
1 0.455125 0.289858 0.031500 0.051050
1 0.419137 0.291992 0.031900 0.052450
1 0.387425 0.277100 0.030100 0.050100
1 0.330881 0.262450 0.025513 0.048200
1 0.081562 0.252050 0.061100 0.085300
1 0.368406 0.269825 0.027888 0.041017
1 0.551881 0.288908 0.029938 0.054683
