0 0.138094 0.237423 0.065174 0.145206
0 0.251609 0.399910 0.050058 0.108892
0 0.372304 0.348853 0.038116 0.087912
0 0.436746 0.526121 0.066797 0.132345
0 0.519514 0.547771 0.050826 0.118789
0 0.634783 0.592951 0.066435 0.114923
0 0.726449 0.673041 0.074058 0.144536
0 0.882362 0.681753 0.076609 0.143918
0 0.886551 0.556791 0.060261 0.116211
0 0.810493 0.505155 0.054087 0.111031
0 0.914681 0.448660 0.047565 0.092320
0 0.842986 0.302423 0.031942 0.082629
0 0.779819 0.429613 0.037754 0.098144
0 0.723725 0.373131 0.041739 0.106521
0 0.651486 0.419601 0.044652 0.100077
0 0.557275 0.466418 0.054464 0.095567
0 0.527500 0.346598 0.035580 0.085979
0 0.461978 0.348260 0.039580 0.092964
1 0.652210 0.189768 0.026507 0.070361
1 0.418783 0.194936 0.035942 0.070387
1 0.297710 0.192358 0.027594 0.058737
1 0.057014 0.267577 0.033391 0.074897
0 0.626899 0.361727 0.039246 0.083711
0 0.617790 0.308995 0.033580 0.074227
0 0.734435 0.298827 0.035565 0.064562
0 0.965942 0.792874 0.068116 0.141160
