1 0.016986 0.292762 0.033971 0.089208
1 0.120279 0.342741 0.051071 0.085396
1 0.207857 0.351927 0.038829 0.069593
1 0.276614 0.382334 0.036371 0.063169
1 0.326871 0.373437 0.034600 0.059465
1 0.387014 0.364893 0.033343 0.062634
1 0.450114 0.364261 0.032914 0.063897
1 0.504979 0.369625 0.032071 0.059465
1 0.580743 0.377859 0.031657 0.058201
1 0.650800 0.374690 0.029971 0.067066
1 0.722764 0.372794 0.032929 0.067045
1 0.797679 0.372173 0.040100 0.070857
1 0.877450 0.360139 0.041786 0.068330
1 0.962471 0.349079 0.051514 0.082869
1 0.923950 0.349347 0.033700 0.068073
