1 0.130650 0.424250 0.072225 0.105009
1 0.017869 0.468649 0.035737 0.093508
1 0.196756 0.470291 0.038612 0.062871
1 0.246300 0.489719 0.048825 0.072120
1 0.318613 0.444043 0.052100 0.092402
1 0.502031 0.477120 0.042262 0.077655
1 0.599294 0.494615 0.040062 0.063415
1 0.688363 0.478218 0.038250 0.061238
1 0.763044 0.483143 0.031688 0.049212
1 0.810219 0.476576 0.024038 0.047036
1 0.864319 0.489428 0.025138 0.039906
1 0.980525 0.482317 0.023675 0.043208
1 0.918988 0.488377 0.018350 0.033189
1 0.636175 0.469841 0.023750 0.043433
1 0.718844 0.480779 0.020688 0.042008
1 0.552550 0.466932 0.027075 0.049625
1 0.401581 0.478433 0.022313 0.046398
1 0.430662 0.468677 0.023900 0.042720
1 0.367069 0.476323 0.021788 0.049568
