0 0.841869 0.702733 0.032738 0.049333
0 0.624862 0.706417 0.042875 0.064933
0 0.519181 0.690692 0.028788 0.045750
0 0.411663 0.680275 0.035525 0.054317
0 0.345344 0.669450 0.037063 0.061267
0 0.286225 0.661483 0.029725 0.053500
0 0.257431 0.648200 0.024812 0.040067
0 0.180562 0.655133 0.024875 0.039267
0 0.126481 0.647400 0.030637 0.044100
1 0.035744 0.658383 0.027538 0.040933
1 0.092669 0.641267 0.027012 0.037067
1 0.155544 0.662617 0.028862 0.042367
1 0.236956 0.663683 0.033362 0.043067
1 0.938937 0.704983 0.052500 0.067267
0 0.603656 0.674092 0.031762 0.047650
