0 0.932176 0.670792 0.023000 0.036389
0 0.845528 0.681889 0.023648 0.034056
0 0.798755 0.665361 0.028361 0.046306
0 0.659185 0.682611 0.025204 0.036389
0 0.568454 0.682375 0.023315 0.040639
0 0.492528 0.666542 0.023944 0.039222
0 0.470009 0.670556 0.024259 0.053056
0 0.269954 0.662292 0.029926 0.050556
0 0.206315 0.677882 0.027407 0.044903
0 0.095106 0.665361 0.033713 0.049139
0 0.235866 0.705882 0.023306 0.038708
0 0.751958 0.722521 0.014583 0.026486
0 0.771843 0.733111 0.014352 0.028583
0 0.623231 0.738576 0.012704 0.024708
0 0.717245 0.735410 0.012472 0.022597
