0 0.980750 0.359601 0.038500 0.101699
0 0.941808 0.341561 0.039384 0.074358
0 0.816700 0.367254 0.031995 0.056867
0 0.781622 0.361514 0.039792 0.076000
0 0.688920 0.361231 0.057025 0.102809
0 0.733838 0.367543 0.040199 0.081445
0 0.588062 0.361335 0.045039 0.084543
0 0.621613 0.361520 0.027580 0.062925
0 0.538886 0.368699 0.025126 0.039595
0 0.464731 0.352145 0.044120 0.084960
0 0.391821 0.364601 0.034293 0.073110
0 0.353504 0.365821 0.028187 0.050254
0 0.303712 0.385439 0.051778 0.083711
0 0.261735 0.340711 0.038300 0.065353
0 0.154441 0.370699 0.029072 0.048821
0 0.091609 0.369775 0.034337 0.056775
1 0.124796 0.384884 0.029297 0.045468
1 0.196097 0.368410 0.029523 0.047295
1 0.511865 0.371925 0.025464 0.049769
1 0.651409 0.361439 0.018604 0.030324
1 0.898573 0.369988 0.042663 0.063977
