1 0.162680 0.386898 0.039480 0.069578
1 0.289330 0.378042 0.041580 0.074639
1 0.354450 0.383419 0.034020 0.060090
1 0.421440 0.364443 0.040320 0.068946
1 0.472270 0.388163 0.031100 0.060723
1 0.536330 0.373298 0.039060 0.070211
1 0.608380 0.402711 0.036120 0.056928
1 0.665500 0.404292 0.030240 0.062620
1 0.843190 0.426130 0.047900 0.083524
1 0.951570 0.431190 0.028580 0.046837
1 0.885830 0.410617 0.029820 0.048705
1 0.741990 0.407666 0.020700 0.039970
1 0.926260 0.400271 0.016000 0.039699
1 0.717440 0.404985 0.022600 0.046295
