1 0.091094 0.562288 0.071614 0.092407
1 0.042802 0.533307 0.042970 0.063968
1 0.413193 0.556276 0.048703 0.091310
1 0.344020 0.541515 0.030693 0.043188
1 0.375535 0.556825 0.030693 0.069444
1 0.499950 0.548049 0.038059 0.066204
1 0.467723 0.538770 0.023525 0.039656
1 0.595946 0.538161 0.033337 0.057963
1 0.635114 0.563631 0.044069 0.074140
1 0.736851 0.533433 0.043386 0.071706
1 0.836074 0.566376 0.056861 0.070476
1 0.982827 0.567870 0.034347 0.084577
0 0.900035 0.569286 0.081713 0.116720
0 0.227965 0.536918 0.047752 0.086958
0 0.140243 0.526283 0.060485 0.109153
