0 0.067233 0.493889 0.043467 0.056311
0 0.103742 0.505911 0.030350 0.043200
0 0.196825 0.496611 0.036083 0.051933
0 0.241317 0.502089 0.025833 0.045378
0 0.276383 0.504811 0.025433 0.041000
0 0.312050 0.497433 0.047567 0.061222
0 0.396125 0.499900 0.036917 0.053044
0 0.450050 0.493056 0.028300 0.045933
0 0.496800 0.481033 0.024200 0.044822
0 0.520175 0.488467 0.023383 0.044400
0 0.563850 0.477478 0.022967 0.038822
0 0.598083 0.496333 0.025833 0.036089
0 0.613667 0.461622 0.019267 0.032267
0 0.653242 0.481300 0.029517 0.055222
0 0.728283 0.496611 0.031167 0.042111
0 0.760892 0.486778 0.034850 0.059600
0 0.868775 0.494156 0.038883 0.059067
0 0.940092 0.497167 0.042250 0.063978
1 0.548267 0.507578 0.035267 0.055156
