0 0.073484 0.538000 0.038125 0.045187
0 0.108258 0.507109 0.026484 0.037063
0 0.144086 0.529523 0.035297 0.047297
0 0.202687 0.547883 0.037406 0.043766
0 0.245227 0.518258 0.031422 0.040891
0 0.283352 0.541852 0.032828 0.050891
0 0.359242 0.536406 0.036359 0.045531
0 0.441492 0.513469 0.037766 0.054719
0 0.306469 0.521414 0.029656 0.042359
0 0.529562 0.534117 0.036000 0.052234
0 0.605984 0.524586 0.034938 0.047297
0 0.712422 0.521937 0.034594 0.050469
0 0.582508 0.507641 0.028234 0.041656
0 0.817609 0.521406 0.046594 0.060719
0 0.926687 0.512055 0.046594 0.053297
