0 0.318406 0.661531 0.112312 0.122531
0 0.658016 0.528180 0.080875 0.096797
0 0.732969 0.609250 0.106594 0.121719
0 0.804852 0.377672 0.049422 0.050656
0 0.773398 0.322125 0.043703 0.058812
0 0.652484 0.351328 0.042844 0.048594
0 0.642086 0.297414 0.038391 0.047797
1 0.726055 0.276469 0.035766 0.046719
1 0.393109 0.272250 0.025219 0.029156
1 0.419703 0.190508 0.011437 0.017328
1 0.176719 0.241508 0.018906 0.024234
1 0.216023 0.216984 0.013984 0.019313
1 0.102172 0.296555 0.032094 0.036641
1 0.079031 0.356930 0.036625 0.044703
1 0.044523 0.194469 0.019109 0.027187
0 0.115625 0.203633 0.016344 0.022641
0 0.169102 0.213570 0.015766 0.020484
0 0.347891 0.196148 0.017031 0.020078
0 0.323719 0.196742 0.016344 0.022641
0 0.519836 0.194805 0.016703 0.020422
0 0.583688 0.192414 0.016687 0.020453
